{
    "major": {
        "problem": "Ibrahimbegovich_big",
        "elements_count": 10
    },
    "minor": {
        "total_length": 10,
        "EI": 100,
        "GJ": 100
    },
    "state": {
        "percent": 40,
        "i": 358
    },
    "geometry": {
        "state": "valid",
        "doing_final_guess": true,
        "elements": [
            {
                "p": [
                    0.0,
                    0.0,
                    0.0
                ],
                "s": 1.0,
                "K0": 0,
                "T0": 0,
                "K": 2.514217453321287,
                "T": 0.05464677480748535,
                "mat": [
                    [
                        1.0,
                        0.0,
                        0.0
                    ],
                    [
                        0.0,
                        1.0,
                        0.0
                    ],
                    [
                        0.0,
                        0.0,
                        1.0
                    ]
                ],
                "nat": [
                    [
                        1.0,
                        0.0,
                        0.0
                    ],
                    [
                        -0.0,
                        0.9996247827689086,
                        0.02739148908351121
                    ],
                    [
                        0.0,
                        -0.02739148908351121,
                        0.9996247827689086
                    ]
                ],
                "EI": 100,
                "GJ": 100
            },
            {
                "p": [
                    0.2335966562995602,
                    0.7188077249520297,
                    0.03636071257804208
                ],
                "s": 1.0,
                "K0": 0,
                "T0": 0,
                "K": 2.5173140314948426,
                "T": 0.054607947413561654,
                "mat": [
                    [
                        -0.8090649158390608,
                        0.5851054247547933,
                        0.05536789575960359
                    ],
                    [
                        -0.5872595030657207,
                        -0.8085622147245525,
                        -0.036788870310591276
                    ],
                    [
                        0.023243020830695727,
                        -0.06227990721123209,
                        0.997788041189322
                    ]
                ],
                "nat": [
                    [
                        -0.8090649158390608,
                        0.5851054247547933,
                        0.05536789575960359
                    ],
                    [
                        -0.5829938663924212,
                        -0.8109128545335101,
                        0.050383470514942276
                    ],
                    [
                        0.07437818031619989,
                        0.00848435470894774,
                        0.9971940142309437
                    ]
                ],
                "EI": 100,
                "GJ": 100
            },
            {
                "p": [
                    -0.3725085714056128,
                    0.27153037863241414,
                    0.1020743681850613
                ],
                "s": 1.0,
                "K0": 0,
                "T0": 0,
                "K": 2.5126846732703934,
                "T": 0.05466463237478115,
                "mat": [
                    [
                        0.31856875634900095,
                        -0.9476035529721445,
                        0.02369501789025166
                    ],
                    [
                        0.9386227882526882,
                        0.31186367241064256,
                        -0.1474052617897228
                    ],
                    [
                        0.13229213450164062,
                        0.06919939468749624,
                        0.9887923113191587
                    ]
                ],
                "nat": [
                    [
                        0.31856875634900095,
                        -0.9476035529721445,
                        0.02369501789025166
                    ],
                    [
                        0.9478737981163052,
                        0.31864548283310135,
                        -0.0005649023185405888
                    ],
                    [
                        -0.00701500697224694,
                        0.02263984683314279,
                        0.9997190740465799
                    ]
                ],
                "EI": 100,
                "GJ": 100
            },
            {
                "p": [
                    0.3840974409199154,
                    0.2792497614282265,
                    0.12387295050212846
                ],
                "s": 1.0,
                "K0": 0,
                "T0": 0,
                "K": 2.5171269239901086,
                "T": 0.05460479433179678,
                "mat": [
                    [
                        0.29927870792617217,
                        0.9539593448540178,
                        0.019844982936105295
                    ],
                    [
                        -0.9428247394696063,
                        0.29885471966883664,
                        -0.14753768052850114
                    ],
                    [
                        -0.14667571587045292,
                        0.02544454553248197,
                        0.9888573251367132
                    ]
                ],
                "nat": [
                    [
                        0.29927870792617217,
                        0.9539593448540178,
                        0.019844982936105295
                    ],
                    [
                        -0.9528163092357047,
                        0.2976850728995106,
                        0.05936900055806121
                    ],
                    [
                        0.050728057684981814,
                        -0.03667650117591014,
                        0.9980388261109897
                    ]
                ],
                "EI": 100,
                "GJ": 100
            },
            {
                "p": [
                    -0.23094498266270047,
                    0.7144782237598001,
                    0.18781290715397647
                ],
                "s": 1.0,
                "K0": 0,
                "T0": 0,
                "K": 2.51452155466873,
                "T": 0.054634398316358884,
                "mat": [
                    [
                        -0.797141902707942,
                        -0.6010201433403279,
                        0.05778904953651205
                    ],
                    [
                        0.570968351436003,
                        -0.7814738337395242,
                        -0.25158256863086476
                    ],
                    [
                        0.19636682154991159,
                        -0.1675512891016432,
                        0.9661090191664513
                    ]
                ],
                "nat": [
                    [
                        -0.797141902707942,
                        -0.6010201433403279,
                        0.05778904953651205
                    ],
                    [
                        0.6025638401239332,
                        -0.7979699110036821,
                        0.012682259572924626
                    ],
                    [
                        0.03849162924923949,
                        0.04493115213243004,
                        0.9982482587241469
                    ]
                ],
                "EI": 100,
                "GJ": 100
            },
            {
                "p": [
                    0.01714253305717292,
                    0.0007523638293939205,
                    0.2270556933001677
                ],
                "s": 1.0,
                "K0": 0,
                "T0": 0,
                "K": 2.5143183471783392,
                "T": 0.05463066679398831,
                "mat": [
                    [
                        0.9997918409725599,
                        0.02040261294600235,
                        -9.005373769828406e-05
                    ],
                    [
                        -0.01952453456349627,
                        0.9554635453697294,
                        -0.2944625715088188
                    ],
                    [
                        -0.005921762810083969,
                        0.29440303472363016,
                        0.9556630085290202
                    ]
                ],
                "nat": [
                    [
                        0.9997918409725599,
                        0.02040261294600235,
                        -9.005373769828406e-05
                    ],
                    [
                        -0.020391590668154432,
                        0.9993786132145377,
                        0.02875013877201532
                    ],
                    [
                        0.0006765757330049662,
                        -0.028742317832132602,
                        0.9995866252661217
                    ]
                ],
                "EI": 100,
                "GJ": 100
            },
            {
                "p": [
                    0.23598758527888392,
                    0.7241205147421023,
                    0.2643675169569498
                ],
                "s": 1.0,
                "K0": 0,
                "T0": 0,
                "K": 2.517255107953221,
                "T": 0.05458753489679369,
                "mat": [
                    [
                        -0.8208854151523989,
                        0.568318790794649,
                        0.05622176820220038
                    ],
                    [
                        -0.5523169174325632,
                        -0.7650046445692891,
                        -0.3312309111559589
                    ],
                    [
                        -0.14523483710138316,
                        -0.3029548577216141,
                        0.9418732379014765
                    ]
                ],
                "nat": [
                    [
                        -0.8208854151523989,
                        0.568318790794649,
                        0.05622176820220038
                    ],
                    [
                        -0.5662406043079389,
                        -0.822762953464113,
                        0.049322413160651335
                    ],
                    [
                        0.07428804226155256,
                        0.00865300160162441,
                        0.9971992841655213
                    ]
                ],
                "EI": 100,
                "GJ": 100
            },
            {
                "p": [
                    -0.360835734147065,
                    0.2644326845256742,
                    0.32951151960152525
                ],
                "s": 1.0,
                "K0": 0,
                "T0": 0,
                "K": 2.5126806877160415,
                "T": 0.05463631098916058,
                "mat": [
                    [
                        0.33787598117266165,
                        -0.9409246859521971,
                        0.022373124778855
                    ],
                    [
                        0.8516078998538458,
                        0.29550887643152174,
                        -0.43294166911571613
                    ],
                    [
                        0.4007540470826636,
                        0.16533372104909097,
                        0.9011442472939211
                    ]
                ],
                "nat": [
                    [
                        0.33787598117266165,
                        -0.9409246859521971,
                        0.022373124778855
                    ],
                    [
                        0.9411617465567711,
                        0.33795639898123087,
                        -0.00019800466580138787
                    ],
                    [
                        -0.007374833206233444,
                        0.021123630213533973,
                        0.999749670708514
                    ]
                ],
                "EI": 100,
                "GJ": 100
            },
            {
                "p": [
                    0.39545755135684385,
                    0.287586145874936,
                    0.351256404198838
                ],
                "s": 1.0,
                "K0": 0,
                "T0": 0,
                "K": 2.5171940222242988,
                "T": 0.05456653628067085,
                "mat": [
                    [
                        0.2797212636553347,
                        0.9598491504572635,
                        0.02110978506599
                    ],
                    [
                        -0.8628081362783654,
                        0.2609635232140502,
                        -0.43296669562861706
                    ],
                    [
                        -0.421091598860529,
                        0.10289629691188751,
                        0.901162703095786
                    ]
                ],
                "nat": [
                    [
                        0.2797212636553347,
                        0.9598491504572635,
                        0.02110978506599
                    ],
                    [
                        -0.9586956804710826,
                        0.2780691978009309,
                        0.059834049507238474
                    ],
                    [
                        0.0515616805888906,
                        -0.0369747156962183,
                        0.9979851018397182
                    ]
                ],
                "EI": 100,
                "GJ": 100
            },
            {
                "p": [
                    -0.22835068486566618,
                    0.710039767030626,
                    0.41581167046687123
                ],
                "s": 1.0,
                "K0": 0,
                "T0": 0,
                "K": 2.5144194886174724,
                "T": 0.054575418000367915,
                "mat": [
                    [
                        -0.7846476458091625,
                        -0.6173158942644719,
                        0.05700139133911264
                    ],
                    [
                        0.5014942709130729,
                        -0.686096861924702,
                        -0.5270432546750237
                    ],
                    [
                        0.36446065379887704,
                        -0.38495737782971723,
                        0.847924671823484
                    ]
                ],
                "nat": [
                    [
                        -0.7846476458091625,
                        -0.6173158942644719,
                        0.05700139133911264
                    ],
                    [
                        0.6187983092494873,
                        -0.7854649135338521,
                        0.011555175344152624
                    ],
                    [
                        0.037639399518526795,
                        0.044339105716212635,
                        0.9983072269137245
                    ]
                ],
                "EI": 100,
                "GJ": 100
            }
        ],
        "guess": [
            {
                "p": [
                    0.0,
                    0.0,
                    0.0
                ],
                "s": 1.0,
                "K0": 0,
                "T0": 0,
                "K": 2.5142174374959465,
                "T": 0.05464700668092881,
                "mat": [
                    [
                        1.0,
                        0.0,
                        0.0
                    ],
                    [
                        0.0,
                        1.0,
                        0.0
                    ],
                    [
                        0.0,
                        0.0,
                        1.0
                    ]
                ],
                "nat": [
                    [
                        1.0,
                        0.0,
                        0.0
                    ],
                    [
                        -0.0,
                        0.9996247892488653,
                        0.027391252603005723
                    ],
                    [
                        0.0,
                        -0.027391252603005723,
                        0.9996247892488653
                    ]
                ],
                "EI": 100,
                "GJ": 100
            },
            {
                "p": [
                    0.23359666384592653,
                    0.7188077307467924,
                    0.03636061310211115
                ],
                "s": 1.0,
                "K0": 0,
                "T0": 0,
                "K": 2.5173140529205553,
                "T": 0.05460817223022682,
                "mat": [
                    [
                        -0.8090649022574323,
                        0.5851054408362601,
                        0.05536792427910822
                    ],
                    [
                        -0.5872595096876053,
                        -0.8085622318466043,
                        -0.03678838828640795
                    ],
                    [
                        0.023243326281855294,
                        -0.06227953383772067,
                        0.9977880573790766
                    ]
                ],
                "nat": [
                    [
                        -0.8090649022574323,
                        0.5851054408362601,
                        0.05536792427910822
                    ],
                    [
                        -0.5829938645158282,
                        -0.8109128410954689,
                        0.050383708511531386
                    ],
                    [
                        0.07437834276233564,
                        0.008484530056552045,
                        0.9971940006225709
                    ]
                ],
                "EI": 100,
                "GJ": 100
            },
            {
                "p": [
                    -0.3725085434976934,
                    0.2715303989681199,
                    0.10207451413366672
                ],
                "s": 1.0,
                "K0": 0,
                "T0": 0,
                "K": 2.512684669390659,
                "T": 0.054664883343682795,
                "mat": [
                    [
                        0.3185687846871358,
                        -0.9476035365731198,
                        0.023695292719808258
                    ],
                    [
                        0.9386228024564638,
                        0.3118636700370237,
                        -0.14740517636708922
                    ],
                    [
                        0.13229196548443717,
                        0.0691996299495492,
                        0.9887923174676823
                    ]
                ],
                "nat": [
                    [
                        0.3185687846871358,
                        -0.9476035365731198,
                        0.023695292719808258
                    ],
                    [
                        0.9478737891200061,
                        0.3186455092958703,
                        -0.000565070666125711
                    ],
                    [
                        -0.007014935654983623,
                        0.02264016077000236,
                        0.99971906743748
                    ]
                ],
                "EI": 100,
                "GJ": 100
            },
            {
                "p": [
                    0.384097468934173,
                    0.27924980855222403,
                    0.12387311606512628
                ],
                "s": 1.0,
                "K0": 0,
                "T0": 0,
                "K": 2.517126924550337,
                "T": 0.054605067100469924,
                "mat": [
                    [
                        0.2992786810627828,
                        0.9539593562079804,
                        0.019844842266349364
                    ],
                    [
                        -0.9428247964772943,
                        0.29885467979277924,
                        -0.14753739699989216
                    ],
                    [
                        -0.1466754042396665,
                        0.025444588210669045,
                        0.9888573702622232
                    ]
                ],
                "nat": [
                    [
                        0.2992786810627828,
                        0.9539593562079804,
                        0.019844842266349364
                    ],
                    [
                        -0.9528163138843972,
                        0.29768505212305013,
                        0.059369030127218836
                    ],
                    [
                        0.050728128854421906,
                        -0.03667637449029095,
                        0.9980388271491129
                    ]
                ],
                "EI": 100,
                "GJ": 100
            },
            {
                "p": [
                    -0.2309449566131247,
                    0.7144782579104489,
                    0.18781314420805795
                ],
                "s": 1.0,
                "K0": 0,
                "T0": 0,
                "K": 2.514521570955743,
                "T": 0.054634705433794443,
                "mat": [
                    [
                        -0.7971418631695842,
                        -0.6010201643591696,
                        0.05778937632645457
                    ],
                    [
                        0.5709683917197167,
                        -0.7814739234766707,
                        -0.251582198462011
                    ],
                    [
                        0.19636686492258337,
                        -0.1675507951627063,
                        0.966109096013913
                    ]
                ],
                "nat": [
                    [
                        -0.7971418631695842,
                        -0.6010201643591696,
                        0.05778937632645457
                    ],
                    [
                        0.6025638799932215,
                        -0.7979698792057759,
                        0.012682366018760882
                    ],
                    [
                        0.038491823937539194,
                        0.04493143569925062,
                        0.998248238453725
                    ]
                ],
                "EI": 100,
                "GJ": 100
            },
            {
                "p": [
                    0.017142606337132577,
                    0.0007524306525510394,
                    0.22705617601594758
                ],
                "s": 1.0,
                "K0": 0,
                "T0": 0,
                "K": 2.5143183314821833,
                "T": 0.0546310266470308,
                "mat": [
                    [
                        0.9997918394412688,
                        0.020402688059298728,
                        -9.003665300148095e-05
                    ],
                    [
                        -0.019524601702447426,
                        0.9554635631845556,
                        -0.2944625092520836
                    ],
                    [
                        -0.005921799980134722,
                        0.294402971701421,
                        0.9556630277134126
                    ]
                ],
                "nat": [
                    [
                        0.9997918394412688,
                        0.020402688059298728,
                        -9.003665300148095e-05
                    ],
                    [
                        -0.020391666384570677,
                        0.9993786177523082,
                        0.02874992733114551
                    ],
                    [
                        0.0006765565048884471,
                        -0.028742106732818407,
                        0.9995866313491063
                    ]
                ],
                "EI": 100,
                "GJ": 100
            },
            {
                "p": [
                    0.2359876115447816,
                    0.7241206010816174,
                    0.26436796115224315
                ],
                "s": 1.0,
                "K0": 0,
                "T0": 0,
                "K": 2.5172551263814955,
                "T": 0.05458793909682833,
                "mat": [
                    [
                        -0.8208854431108258,
                        0.5683187384123277,
                        0.056221889493004454
                    ],
                    [
                        -0.5523169812109766,
                        -0.7650048125929161,
                        -0.33123041674289355
                    ],
                    [
                        -0.14523443653189544,
                        -0.30295453170252706,
                        0.9418734045327772
                    ]
                ],
                "nat": [
                    [
                        -0.8208854431108258,
                        0.5683187384123277,
                        0.056221889493004454
                    ],
                    [
                        -0.5662405332208467,
                        -0.8227629882811407,
                        0.04932264847368506
                    ],
                    [
                        0.07428827516179579,
                        0.00865313146251806,
                        0.9971992656883463
                    ]
                ],
                "EI": 100,
                "GJ": 100
            },
            {
                "p": [
                    -0.36083564309539523,
                    0.2644327367703108,
                    0.32951228334508065
                ],
                "s": 1.0,
                "K0": 0,
                "T0": 0,
                "K": 2.512680677876417,
                "T": 0.054636799257626475,
                "mat": [
                    [
                        0.3378760924182294,
                        -0.940924638236752,
                        0.02237345148218452
                    ],
                    [
                        0.8516079587673483,
                        0.2955088655123768,
                        -0.43294156068423206
                    ],
                    [
                        0.4007538280993694,
                        0.16533401211676144,
                        0.9011442912769716
                    ]
                ],
                "nat": [
                    [
                        0.3378760924182294,
                        -0.940924638236752,
                        0.02237345148218452
                    ],
                    [
                        0.9411617070533129,
                        0.3379565088880796,
                        -0.00019818343964778107
                    ],
                    [
                        -0.007374777873440874,
                        0.021123997235817427,
                        0.9997496633618329
                    ]
                ],
                "EI": 100,
                "GJ": 100
            },
            {
                "p": [
                    0.3954576390406445,
                    0.2875862908130969,
                    0.35125726453422346
                ],
                "s": 1.0,
                "K0": 0,
                "T0": 0,
                "K": 2.517194021187213,
                "T": 0.05456712279024216,
                "mat": [
                    [
                        0.2797211522022084,
                        0.9598491833315514,
                        0.02110976713331365
                    ],
                    [
                        -0.862808321391765,
                        0.2609634527689645,
                        -0.4329663691974533
                    ],
                    [
                        -0.4210912936024611,
                        0.10289616891145303,
                        0.9011628603507535
                    ]
                ],
                "nat": [
                    [
                        0.2797211522022084,
                        0.9598491833315514,
                        0.02110976713331365
                    ],
                    [
                        -0.958695708956383,
                        0.27806908487265897,
                        0.05983411791528809
                    ],
                    [
                        0.05156175558771742,
                        -0.036974711572043475,
                        0.9979850981176405
                    ]
                ],
                "EI": 100,
                "GJ": 100
            },
            {
                "p": [
                    -0.22835062820457858,
                    0.7100398334397992,
                    0.4158127540352856
                ],
                "s": 1.0,
                "K0": 0,
                "T0": 0,
                "K": 2.514419487675504,
                "T": 0.05457625068281642,
                "mat": [
                    [
                        -0.7846475322734214,
                        -0.6173159947445109,
                        0.05700186602055203
                    ],
                    [
                        0.5014943161167899,
                        -0.6860970894210007,
                        -0.527042915511237
                    ],
                    [
                        0.3644608360301332,
                        -0.384956811240724,
                        0.8479248507265191
                    ]
                ],
                "nat": [
                    [
                        -0.7846475322734214,
                        -0.6173159947445109,
                        0.05700186602055203
                    ],
                    [
                        0.6187984352160321,
                        -0.7854648126270537,
                        0.011555288786441742
                    ],
                    [
                        0.03763969542146278,
                        0.044339494328899776,
                        0.9983071984971543
                    ]
                ],
                "EI": 100,
                "GJ": 100
            }
        ],
        "final_guess": [
            {
                "p": [
                    0.0,
                    0.0,
                    0.0
                ],
                "s": 1.0,
                "K0": 0,
                "T0": 0,
                "K": 2.5142158714837572,
                "T": 0.054669962151831036,
                "mat": [
                    [
                        1.0,
                        0.0,
                        0.0
                    ],
                    [
                        0.0,
                        1.0,
                        0.0
                    ],
                    [
                        0.0,
                        0.0,
                        1.0
                    ]
                ],
                "nat": [
                    [
                        1.0,
                        0.0,
                        0.0
                    ],
                    [
                        -0.0,
                        0.9996254304880483,
                        0.02736784101064469
                    ],
                    [
                        0.0,
                        -0.02736784101064469,
                        0.9996254304880483
                    ]
                ],
                "EI": 100,
                "GJ": 100
            },
            {
                "p": [
                    0.23359741066793094,
                    0.7188083043220654,
                    0.03635076496758578
                ],
                "s": 1.0,
                "K0": 0,
                "T0": 0,
                "K": 2.517316337887178,
                "T": 0.054622911099442915,
                "mat": [
                    [
                        -0.8090635579940474,
                        0.5851070324566078,
                        0.055370747654650124
                    ],
                    [
                        -0.5872601640262547,
                        -0.808563926398585,
                        -0.03674066785947365
                    ],
                    [
                        0.023273565989538652,
                        -0.06224256981138948,
                        0.9977896590110586
                    ]
                ],
                "nat": [
                    [
                        -0.8090635579940474,
                        0.5851070324566078,
                        0.055370747654650124
                    ],
                    [
                        -0.5829900908754009,
                        -0.810911100045405,
                        0.05045534425849363
                    ],
                    [
                        0.07442253064163262,
                        0.008540983138568013,
                        0.997190221843316
                    ]
                ],
                "EI": 100,
                "GJ": 100
            },
            {
                "p": [
                    -0.37250284857328764,
                    0.27153324315999666,
                    0.1021212171415117
                ],
                "s": 1.0,
                "K0": 0,
                "T0": 0,
                "K": 2.5126857883458147,
                "T": 0.0546206574458764,
                "mat": [
                    [
                        0.3185745563092262,
                        -0.9476003501197494,
                        0.02374507370609505
                    ],
                    [
                        0.9386124446742946,
                        0.31185721539186473,
                        -0.14748476501176855
                    ],
                    [
                        0.1323515423972235,
                        0.06927231525624386,
                        0.9887792552254093
                    ]
                ],
                "nat": [
                    [
                        0.3185745563092262,
                        -0.9476003501197494,
                        0.02374507370609505
                    ],
                    [
                        0.947872410100201,
                        0.3186494241592666,
                        -0.0006623094476639613
                    ],
                    [
                        -0.006938749398572558,
                        0.022718295180232155,
                        0.9997178265995297
                    ]
                ],
                "EI": 100,
                "GJ": 100
            },
            {
                "p": [
                    0.38410493186566064,
                    0.2792579144076703,
                    0.12384800089258591
                ],
                "s": 1.0,
                "K0": 0,
                "T0": 0,
                "K": 2.51712620473054,
                "T": 0.0546678102433316,
                "mat": [
                    [
                        0.2992760463115522,
                        0.9539628629415232,
                        0.0197155834947438
                    ],
                    [
                        -0.9428397318702059,
                        0.2988345421636692,
                        -0.1474827326053747
                    ],
                    [
                        -0.1465847471978038,
                        0.02554941365751144,
                        0.9888681101899854
                    ]
                ],
                "nat": [
                    [
                        0.2992760463115522,
                        0.9539628629415232,
                        0.0197155834947438
                    ],
                    [
                        -0.9528120869357116,
                        0.29768682700412036,
                        0.05942793970375246
                    ],
                    [
                        0.05082297800542279,
                        -0.03657060508976247,
                        0.9980378829233031
                    ]
                ],
                "EI": 100,
                "GJ": 100
            },
            {
                "p": [
                    -0.23093194111374626,
                    0.7144899297104175,
                    0.18781942795897402
                ],
                "s": 1.0,
                "K0": 0,
                "T0": 0,
                "K": 2.514524969311565,
                "T": 0.054582920745852935,
                "mat": [
                    [
                        -0.7971299682184871,
                        -0.6010182037580896,
                        0.05797355017068989
                    ],
                    [
                        0.5709432936073202,
                        -0.7815051241154195,
                        -0.2515422359488917
                    ],
                    [
                        0.19648808934085285,
                        -0.16741224487098427,
                        0.9661084675203083
                    ]
                ],
                "nat": [
                    [
                        -0.7971299682184871,
                        -0.6010182037580896,
                        0.05797355017068989
                    ],
                    [
                        0.6025721382394781,
                        -0.7979628561525629,
                        0.012731787712151527
                    ],
                    [
                        0.03860870349412099,
                        0.045082135622038166,
                        0.998236930323788
                    ]
                ],
                "EI": 100,
                "GJ": 100
            },
            {
                "p": [
                    0.017167098327596303,
                    0.0007722302584363128,
                    0.22712499310011475
                ],
                "s": 1.0,
                "K0": 0,
                "T0": 0,
                "K": 2.514316859523281,
                "T": 0.05466290583169018,
                "mat": [
                    [
                        0.9997916125389296,
                        0.020412496866142965,
                        -0.0002479284101894394
                    ],
                    [
                        -0.01957947025666774,
                        0.9554119743721495,
                        -0.2946262099182273
                    ],
                    [
                        -0.005777182814757271,
                        0.29456966781731075,
                        0.9556125443717888
                    ]
                ],
                "nat": [
                    [
                        0.9997916125389296,
                        0.020412496866142965,
                        -0.0002479284101894394
                    ],
                    [
                        -0.020397093421243778,
                        0.9993840199379953,
                        0.028557648231910093
                    ],
                    [
