{
    "major": {
        "problem": "Ibrahimbegovich_big",
        "elements_count": 10
    },
    "minor": {
        "total_length": 10,
        "EI": 100,
        "GJ": 100
    },
    "state": {
        "percent": 50,
        "i": 100
    },
    "geometry": {
        "state": "valid",
        "doing_final_guess": true,
        "elements": [
            {
                "p": [
                    0.0,
                    0.0,
                    0.0
                ],
                "s": 1.0,
                "K0": 0,
                "T0": 0,
                "K": 2.316361772947764,
                "T": -0.1317519705144135,
                "mat": [
                    [
                        1.0,
                        0.0,
                        0.0
                    ],
                    [
                        0.0,
                        1.0,
                        0.0
                    ],
                    [
                        0.0,
                        0.0,
                        1.0
                    ]
                ],
                "nat": [
                    [
                        1.0,
                        0.0,
                        0.0
                    ],
                    [
                        -0.0,
                        0.9999265016817978,
                        0.012123994160419534
                    ],
                    [
                        0.0,
                        -0.012123994160419534,
                        0.9999265016817978
                    ]
                ],
                "EI": 100,
                "GJ": 100
            },
            {
                "p": [
                    0.3177787185524755,
                    0.7238414199375831,
                    -0.030030313096631896
                ],
                "s": 1.0,
                "K0": 0,
                "T0": 0,
                "K": 2.3058830208437415,
                "T": -0.21929567935551234,
                "mat": [
                    [
                        -0.6757120037649371,
                        0.7320798215736105,
                        -0.08644317678523884
                    ],
                    [
                        -0.7297686838570495,
                        -0.68088695633945,
                        -0.06189200876001248
                    ],
                    [
                        -0.10416792226747655,
                        0.021262350094720932,
                        0.9943324174736168
                    ]
                ],
                "nat": [
                    [
                        -0.6757120037649371,
                        0.7320798215736105,
                        -0.08644317678523884
                    ],
                    [
                        -0.7344259132468157,
                        -0.6786567747604577,
                        -0.006600001766194949
                    ],
                    [
                        -0.06349697567249979,
                        0.05902640863616726,
                        0.9962349206708038
                    ]
                ],
                "EI": 100,
                "GJ": 100
            },
            {
                "p": [
                    -0.4263738147949886,
                    0.46721657774922304,
                    -0.12685154832934217
                ],
                "s": 1.0,
                "K0": 0,
                "T0": 0,
                "K": 2.298700483745129,
                "T": -0.29021062220093513,
                "mat": [
                    [
                        -0.07896264789022432,
                        -0.9913240708064122,
                        -0.10507847961389419
                    ],
                    [
                        0.9956920702152995,
                        -0.0732902560862505,
                        -0.05679647588699857
                    ],
                    [
                        0.048602485003701484,
                        -0.10911060902870513,
                        0.9928407090006184
                    ]
                ],
                "nat": [
                    [
                        -0.07896264789022432,
                        -0.9913240708064122,
                        -0.10507847961389419
                    ],
                    [
                        0.9966187276421584,
                        -0.08090429395751902,
                        0.01433900038915234
                    ],
                    [
                        -0.022715896440360872,
                        -0.10359093521654528,
                        0.994360551404707
                    ]
                ],
                "EI": 100,
                "GJ": 100
            },
            {
                "p": [
                    0.2661271515185889,
                    0.09304714578183632,
                    -0.23537805391785507
                ],
                "s": 1.0,
                "K0": 0,
                "T0": 0,
                "K": 2.290450027755876,
                "T": -0.3481877932221194,
                "mat": [
                    [
                        0.7823210850366239,
                        0.6094888461417262,
                        -0.12844090600718436
                    ],
                    [
                        -0.6214785570578613,
                        0.7775931548355721,
                        -0.09546354628935805
                    ],
                    [
                        0.04169080263556755,
                        0.15450641404708387,
                        0.9871117692510377
                    ]
                ],
                "nat": [
                    [
                        0.7823210850366239,
                        0.6094888461417262,
                        -0.12844090600718436
                    ],
                    [
                        -0.6156558612650669,
                        0.7879397429227114,
                        -0.010900551034685443
                    ],
                    [
                        0.09455993018762152,
                        0.0876031275224708,
                        0.9916572551296111
                    ]
                ],
                "EI": 100,
                "GJ": 100
            },
            {
                "p": [
                    0.0755757982327645,
                    0.8512134688469164,
                    -0.38651966846632735
                ],
                "s": 1.0,
                "K0": 0,
                "T0": 0,
                "K": 2.281702145871519,
                "T": -0.398244741900773,
                "mat": [
                    [
                        -0.9718917380918634,
                        0.1597247260625016,
                        -0.17295797556931394
                    ],
                    [
                        -0.14536826580674758,
                        -0.9850165175626949,
                        -0.0927929276669244
                    ],
                    [
                        -0.18518778773211628,
                        -0.06504207878688258,
                        0.9805483217373668
                    ]
                ],
                "nat": [
                    [
                        -0.9718917380918634,
                        0.1597247260625016,
                        -0.17295797556931394
                    ],
                    [
                        -0.1612451042719635,
                        -0.9869000706619003,
                        -0.005316660216601599
                    ],
                    [
                        -0.17154144040755923,
                        0.022721408666585022,
                        0.9849148551073371
                    ]
                ],
                "EI": 100,
                "GJ": 100
            },
            {
                "p": [
                    -0.3476324438036046,
                    0.19804564978185557,
                    -0.5625752818508457
                ],
                "s": 1.0,
                "K0": 0,
                "T0": 0,
                "K": 2.2772438330837086,
                "T": -0.42493867149387404,
                "mat": [
                    [
                        0.5430221849877225,
                        -0.8212609431302965,
                        -0.17509246100245113
                    ],
                    [
                        0.8230170481008464,
                        0.5619030917814535,
                        -0.08311350059895237
                    ],
                    [
                        0.16664286707365691,
                        -0.09897160570172828,
                        0.9810376017861365
                    ]
                ],
                "nat": [
                    [
                        0.5430221849877225,
                        -0.8212609431302965,
                        -0.17509246100245113
                    ],
                    [
                        0.8352440200307242,
                        0.549752922911511,
                        0.011796217748284363
                    ],
                    [
                        0.08656981930254089,
                        -0.15265053894102423,
                        0.9844813250371697
                    ]
                ],
                "EI": 100,
                "GJ": 100
            },
            {
                "p": [
                    0.4213084850109988,
                    0.3291319743796409,
                    -0.7349499831707086
                ],
                "s": 1.0,
                "K0": 0,
                "T0": 0,
                "K": 2.2683939363501797,
                "T": -0.46889941364035986,
                "mat": [
                    [
                        0.2391509842917455,
                        0.9540491553493795,
                        -0.1805464369336156
                    ],
                    [
                        -0.9688852610433062,
                        0.22225864892776706,
                        -0.10891484705882695
                    ],
                    [
                        -0.06378211069989295,
                        0.20097587455696825,
                        0.9775175395872596
                    ]
                ],
                "nat": [
                    [
                        0.2391509842917455,
                        0.9540491553493795,
                        -0.1805464369336156
                    ],
                    [
                        -0.9702524949333177,
                        0.242012081486745,
                        -0.0063441697742917524
                    ],
                    [
                        0.03764176919276355,
                        0.17669284533219717,
                        0.9835460007648102
                    ]
                ],
                "EI": 100,
                "GJ": 100
            },
            {
                "p": [
                    -0.18970969295268003,
                    0.8062462272729263,
                    -0.9349035888532395
                ],
                "s": 1.0,
                "K0": 0,
                "T0": 0,
                "K": 2.262882702711741,
                "T": -0.4941964576172341,
                "mat": [
                    [
                        -0.856409141160861,
                        -0.4662517263497077,
                        -0.22174920656460836
                    ],
                    [
                        0.4976070533837475,
                        -0.8599150736798815,
                        -0.11372460807084547
                    ],
                    [
                        -0.13766119045998482,
                        -0.20773876319560675,
                        0.9684492774054306
                    ]
                ],
                "nat": [
                    [
                        -0.856409141160861,
                        -0.4662517263497077,
                        -0.22174920656460836
                    ],
                    [
                        0.4801830146148145,
                        -0.8771080650335946,
                        -0.010281766796206723
                    ],
                    [
                        -0.18970412597396194,
                        -0.11528560156819233,
                        0.9750495242086509
                    ]
                ],
                "EI": 100,
                "GJ": 100
            },
            {
                "p": [
                    -0.12109999872392402,
                    0.039348119154150485,
                    -1.1581926811541146
                ],
                "s": 1.0,
                "K0": 0,
                "T0": 0,
                "K": 2.249181707700883,
                "T": -0.5538880999690106,
                "mat": [
                    [
                        0.926535737721832,
                        -0.30870048210086903,
                        -0.21502450807977938
                    ],
                    [
                        0.2958452382740135,
                        0.9509452314872268,
                        -0.0904365064688829
                    ],
                    [
                        0.2323943237578152,
                        0.020178678410516834,
                        0.9724123092715116
                    ]
                ],
                "nat": [
                    [
                        0.926535737721832,
                        -0.30870048210086903,
                        -0.21502450807977938
                    ],
                    [
                        0.31909108941472386,
                        0.9476129158282278,
                        0.014513387325095509
                    ],
                    [
                        0.19927971141183626,
                        -0.08205957656614184,
                        0.9765008051780613
                    ]
                ],
                "EI": 100,
                "GJ": 100
            },
            {
                "p": [
                    0.40185209622421486,
                    0.6090960293783311,
                    -1.3793908515704667
                ],
                "s": 1.0,
                "K0": 0,
                "T0": 0,
                "K": 2.269712993422615,
                "T": -0.46188582550410934,
                "mat": [
                    [
                        -0.3896699323517848,
                        0.8877834143098148,
                        -0.24494479602016944
                    ],
                    [
                        -0.8937679277467215,
                        -0.42869270744827065,
                        -0.13191457050683267
                    ],
                    [
                        -0.22211761558301943,
                        0.1675206609856779,
                        0.9605210008066647
                    ]
                ],
                "nat": [
                    [
                        -0.3896699323517848,
                        0.8877834143098148,
                        -0.24494479602016944
                    ],
                    [
                        -0.9040468548834039,
                        -0.41946859436740686,
                        -0.08213027769864861
                    ],
                    [
                        -0.1756605476377111,
                        0.18943787270722523,
                        0.9660521023152849
                    ]
                ],
                "EI": 100,
                "GJ": 100
            }
        ],
        "guess": [
            {
                "p": [
                    0.0,
                    0.0,
                    0.0
                ],
                "s": 1.0,
                "K0": 0,
                "T0": 0,
                "K": 2.3282657869078136,
                "T": -0.1310547442172208,
                "mat": [
                    [
                        1.0,
                        0.0,
                        0.0
                    ],
                    [
                        0.0,
                        1.0,
                        0.0
                    ],
                    [
                        0.0,
                        0.0,
                        1.0
                    ]
                ],
                "nat": [
                    [
                        1.0,
                        0.0,
                        0.0
                    ],
                    [
                        -0.0,
                        0.9999149562636841,
                        0.013041481518402748
                    ],
                    [
                        0.0,
                        -0.013041481518402748,
                        0.9999149562636841
                    ]
                ],
                "EI": 100,
                "GJ": 100
            },
            {
                "p": [
                    0.31266444137321625,
                    0.7239090800802999,
                    -0.02925077419512153
                ],
                "s": 1.0,
                "K0": 0,
                "T0": 0,
                "K": 2.3178838807861117,
                "T": -0.21858829900031515,
                "mat": [
                    [
                        -0.6844212352459761,
                        0.7240705599597197,
                        -0.08537796521345781
                    ],
                    [
                        -0.7215975388441611,
                        -0.6894716733509808,
                        -0.06265623337424485
                    ],
                    [
                        -0.10423322252728091,
                        0.018725272927692743,
                        0.9943765883584357
                    ]
                ],
                "nat": [
                    [
                        -0.6844212352459761,
                        0.7240705599597197,
                        -0.08537796521345781
                    ],
                    [
                        -0.7263410725987044,
                        -0.687305914957859,
                        -0.006263028029948846
                    ],
                    [
                        -0.06321565471096435,
                        0.057726973448800054,
                        0.9963289504656109
                    ]
                ],
                "EI": 100,
                "GJ": 100
            },
            {
                "p": [
                    -0.42502477475430334,
                    0.4547485678052951,
                    -0.12499766240023821
                ],
                "s": 1.0,
                "K0": 0,
                "T0": 0,
                "K": 2.310521972484869,
                "T": -0.2913008472717704,
                "mat": [
                    [
                        -0.055462661738814915,
                        -0.9930026597308556,
                        -0.10425742621172095
                    ],
                    [
                        0.9970728031998057,
                        -0.049578995200107015,
                        -0.058204367140526535
                    ],
                    [
                        0.05262811294476769,
                        -0.10718041333375436,
                        0.992845728562841
                    ]
                ],
                "nat": [
                    [
                        -0.055462661738814915,
                        -0.9930026597308556,
                        -0.10425742621172095
                    ],
                    [
                        0.9982648649120038,
                        -0.05721697382108232,
                        0.013909614983033766
                    ],
                    [
                        -0.019777579100194086,
                        -0.1033050612225957,
                        0.9944530716382405
                    ]
                ],
                "EI": 100,
                "GJ": 100
            },
            {
                "p": [
                    0.2764440348704683,
                    0.10209354652201907,
                    -0.23356120403107
                ],
                "s": 1.0,
                "K0": 0,
                "T0": 0,
                "K": 2.3031673038380873,
                "T": -0.34344277296621434,
                "mat": [
                    [
                        0.7600545297330362,
                        0.6368630151851329,
                        -0.12931593761634413
                    ],
                    [
                        -0.6488555255990391,
                        0.7547597470493079,
                        -0.0965620584580685
                    ],
                    [
                        0.036105660662667405,
                        0.15729979060178667,
                        0.9868906510575254
                    ]
                ],
                "nat": [
                    [
                        0.7600545297330362,
                        0.6368630151851329,
                        -0.12931593761634413
                    ],
                    [
                        -0.6433981075925406,
                        0.7654394151857268,
                        -0.011890198756543527
                    ],
                    [
                        0.09141108783200556,
                        0.0922388289682478,
                        0.9915321535139119
                    ]
                ],
                "EI": 100,
                "GJ": 100
            },
            {
                "p": [
                    0.05459918892325111,
                    0.8495913264553693,
                    -0.3838776630649517
                ],
                "s": 1.0,
                "K0": 0,
                "T0": 0,
                "K": 2.2929207561003224,
                "T": -0.40303135499556153,
                "mat": [
                    [
                        -0.9792332342517048,
                        0.11280010602501213,
                        -0.16845892382919897
                    ],
                    [
                        -0.09879595824762596,
                        -0.9910888792204807,
                        -0.08934311456080206
                    ],
                    [
                        -0.17703567880763238,
                        -0.07084468622442527,
                        0.9816513631951436
                    ]
                ],
                "nat": [
                    [
                        -0.9792332342517048,
                        0.11280010602501213,
                        -0.16845892382919897
                    ],
                    [
                        -0.11536193087351945,
                        -0.9933084811776848,
                        0.005466820430036365
                    ],
                    [
                        -0.16671501984548107,
                        0.024787038976589293,
                        0.9856935146670561
                    ]
                ],
                "EI": 100,
                "GJ": 100
            },
            {
                "p": [
                    -0.3340338228355193,
                    0.1753266687878492,
                    -0.5516367655688259
                ],
                "s": 1.0,
                "K0": 0,
                "T0": 0,
                "K": 2.285223017881251,
                "T": -0.4464425221122222,
                "mat": [
                    [
                        0.5885546597772665,
                        -0.789862183959114,
                        -0.17239820998434024
                    ],
                    [
                        0.786914827037258,
                        0.6085939838230834,
                        -0.10187452008854264
                    ],
                    [
                        0.18538734434526108,
                        -0.07570398408067545,
                        0.9797450889649433
                    ]
                ],
                "nat": [
                    [
                        0.5885546597772665,
                        -0.789862183959114,
                        -0.17239820998434024
                    ],
                    [
                        0.8002690657986441,
                        0.5994665647402053,
                        -0.014465824703173188
                    ],
                    [
                        0.11477297059949113,
                        -0.12945102591295274,
                        0.9849211121251552
                    ]
                ],
                "EI": 100,
                "GJ": 100
            },
            {
                "p": [
                    0.4187466137628697,
                    0.35199167075268173,
                    -0.7475876970766759
                ],
                "s": 1.0,
                "K0": 0,
                "T0": 0,
                "K": 2.2871498302247972,
                "T": -0.43538956860318623,
                "mat": [
                    [
                        0.16619546528018492,
                        0.9623147591830274,
                        -0.21524258774418892
                    ],
                    [
                        -0.9845359469075143,
                        0.14967094104123346,
                        -0.09103613927861698
                    ],
                    [
                        -0.05538985978703176,
                        0.22704385846427017,
                        0.9723081043406097
                    ]
                ],
                "nat": [
                    [
                        0.16619546528018492,
                        0.9623147591830274,
                        -0.21524258774418892
                    ],
                    [
                        -0.9850883442298263,
                        0.17187251439921788,
                        0.007796977403452171
                    ],
                    [
                        0.044497431193746655,
                        0.21073714208132027,
                        0.976529485250986
                    ]
                ],
                "EI": 100,
                "GJ": 100
            },
            {
                "p": [
                    -0.23222385055846706,
                    0.7711794677469263,
                    -0.9377979002233384
                ],
                "s": 1.0,
                "K0": 0,
                "T0": 0,
                "K": 2.2692408707922564,
                "T": -0.5201664041199531,
                "mat": [
                    [
                        -0.8213158212351722,
                        -0.5470184835236281,
                        -0.16189842640465926
                    ],
                    [
                        0.5638170713679486,
                        -0.8215851639644213,
                        -0.08430971704153946
                    ],
                    [
                        -0.0868943716408847,
                        -0.16052600112463117,
                        0.9831992530205012
                    ]
                ],
                "nat": [
                    [
                        -0.8213158212351722,
                        -0.5470184835236281,
                        -0.16189842640465926
                    ],
                    [
                        0.5491216472502914,
                        -0.8349871482609498,
                        0.03552293287684766
                    ],
                    [
                        -0.1546148062441665,
                        -0.059726383806126424,
                        0.986167846143608
                    ]
                ],
                "EI": 100,
                "GJ": 100
            },
            {
                "p": [
                    -0.10579120549534204,
                    0.0008512542473253504,
                    -1.1165338553702076
                ],
                "s": 1.0,
                "K0": 0,
                "T0": 0,
                "K": 2.267306122150573,
                "T": -0.529232474260916,
                "mat": [
                    [
                        0.9408045966874302,
                        -0.2397847204414176,
                        -0.2395620977839211
                    ],
                    [
                        0.19771401142707745,
                        0.9623078252977703,
                        -0.18674265462418901
                    ],
                    [
                        0.2753105165757663,
                        0.1283235645293054,
                        0.9527524244258204
                    ]
                ],
                "nat": [
                    [
                        0.9408045966874302,
                        -0.2397847204414176,
                        -0.2395620977839211
                    ],
                    [
                        0.22212216595851156,
                        0.970019844865594,
                        -0.09860651072230447
                    ],
                    [
                        0.2560243235352868,
                        0.039557406509523205,
                        0.9658606303957833
                    ]
                ],
                "EI": 100,
                "GJ": 100
            },
            {
                "p": [
                    0.339001017364568,
                    0.5959606271519784,
                    -1.416470536948625
                ],
                "s": 1.0,
                "K0": 0,
                "T0": 0,
                "K": 2.2560621738032203,
                "T": -0.5746942814705203,
                "mat": [
                    [
                        -0.5028402835443099,
                        0.8154282119825106,
                        -0.2867550877457683
                    ],
                    [
                        -0.8495344526551831,
                        -0.5274357991191596,
                        -0.010133684393725875
                    ],
                    [
                        -0.15950819100264493,
                        0.23851270178030054,
                        0.9579503265266555
                    ]
                ],
                "nat": [
                    [
                        -0.5028402835443099,
                        0.8154282119825106,
                        -0.2867550877457683
                    ],
                    [
                        -0.863077738549293,
                        -0.49184827445455104,
                        0.11481329250883122
                    ],
                    [
                        -0.047417997276518215,
                        0.3052246812089182,
                        0.9510990629346656
                    ]
                ],
                "EI": 100,
                "GJ": 100
            }
        ],
        "final_guess": [
            {
                "p": [
                    0.0,
                    0.0,
                    0.0
                ],
                "s": 1.0,
                "K0": 0,
                "T0": 0,
                "K": 3.1471281187532885,
                "T": -0.08329467345898274,
                "mat": [
                    [
                        1.0,
                        0.0,
                        0.0
                    ],
                    [
                        0.0,
                        1.0,
                        0.0
                    ],
                    [
                        0.0,
                        0.0,
                        1.0
                    ]
                ],
                "nat": [
                    [
                        1.0,
                        0.0,
                        0.0
                    ],
                    [
                        -0.0,
                        0.9982411058734755,
                        0.059284859319228035
                    ],
                    [
                        0.0,
                        -0.059284859319228035,
                        0.9982411058734755
                    ]
                ],
                "EI": 100,
                "GJ": 100
            },
            {
                "p": [
                    -0.0014068455644138786,
                    0.6355024878123984,
                    0.011191241420733383
                ],
                "s": 1.0,
                "K0": 0,
                "T0": 0,
                "K": 3.1228549696162733,
                "T": -0.3521535091489717,
                "mat": [
                    [
                        -0.9985779758347403,
                        -0.0034875648901573977,
                        -0.05319645729679543
                    ],
                    [
                        0.009759444208505134,
                        -0.9929535804546539,
                        -0.11810139842958806
                    ],
                    [
                        -0.0524097264497146,
                        -0.11845262324414843,
                        0.9915756131632351
                    ]
                ],
                "nat": [
                    [
                        -0.9985779758347403,
                        -0.0034875648901573977,
                        -0.05319645729679543
                    ],
                    [
                        0.006325552910917945,
                        -0.9985598697110022,
                        -0.053274515325036034
                    ],
                    [
                        -0.052934049138187195,
                        -0.053535254682155614,
                        0.9971619542220573
                    ]
                ],
                "EI": 100,
                "GJ": 100
            },
            {
                "p": [
                    -0.0037180593897750917,
                    0.009936095486349883,
                    -0.13422159225480126
                ],
                "s": 1.0,
                "K0": 0,
                "T0": 0,
                "K": 3.1319675845756523,
                "T": -0.2825478038339891,
                "mat": [
                    [
                        0.9852817429203655,
                        0.01636933722612823,
                        -0.1701526722287492
                    ],
                    [
                        -0.01848510713619867,
                        0.9997701793847041,
                        -0.010857680564457392
                    ],
                    [
                        0.1699358346022702,
                        0.013843164806280069,
                        0.9853578938163412
                    ]
                ],
                "nat": [
                    [
                        0.9852817429203655,
                        0.01636933722612823,
                        -0.1701526722287492
                    ],
                    [
                        -0.0016011582763141713,
                        0.9962444062243341,
                        0.0865708920994716
                    ],
                    [
                        0.17093075603875704,
                        -0.08502427809456226,
                        0.9816076348391537
                    ]
                ],
                "EI": 100,
                "GJ": 100
            },
            {
                "p": [
                    -0.013050704040006045,
                    0.6487088990451446,
                    -0.16851989455864907
                ],
                "s": 1.0,
                "K0": 0,
                "T0": 0,
                "K": 3.102270731128189,
                "T": -0.5316978446269957,
                "mat": [
                    [
                        -0.9999556855190846,
                        -0.003957976309949745,
                        -0.00854174581614145
                    ],
                    [
                        0.005468833174347832,
                        -0.9827529328320342,
                        -0.1848425407576575
                    ],
                    [
                        -0.007662823354929012,
                        -0.1848810629392989,
                        0.9827310281580949
                    ]
                ],
                "nat": [
                    [
                        -0.9999556855190846,
                        -0.003957976309949745,
                        -0.00854174581614145
                    ],
                    [
                        0.0043247243302327355,
                        -0.9990504337699762,
                        -0.043353518236584176
                    ],
                    [
                        -0.008362042664635593,
                        -0.043388537743881406,
                        0.9990232785250415
                    ]
                ],
                "EI": 100,
                "GJ": 100
            },
            {
                "p": [
                    -0.035657633901937165,
                    0.030149022257201397,
                    -0.36254866285076726
                ],
                "s": 1.0,
                "K0": 0,
                "T0": 0,
                "K": 3.0911961692573797,
                "T": -0.5607396316266791,
                "mat": [
                    [
                        0.9456280434883495,
                        0.024001778623978086,
                        -0.324363250062768
                    ],
                    [
                        -0.056241729049855575,
                        0.9943173408476617,
                        -0.09038746374977809
                    ],
                    [
                        0.3203505443758117,
                        0.10371567052533748,
                        0.9416042631623971
                    ]
                ],
                "nat": [
                    [
                        0.9456280434883495,
                        0.024001778623978086,
                        -0.324363250062768
                    ],
                    [
                        -0.025531952655648064,
                        0.9996738999138456,
                        -0.0004617625278687115
                    ],
                    [
                        0.3242463920570065,
                        0.008718282739619429,
                        0.9459324863773767
                    ]
                ],
                "EI": 100,
                "GJ": 100
            },
            {
                "p": [
                    -0.07848522225515422,
                    0.655564992714697,
                    -0.5392935518841628
                ],
                "s": 1.0,
                "K0": 0,
                "T0": 0,
                "K": 3.1000426143947655,
                "T": -0.5402379461426107,
                "mat": [
                    [
                        -0.9992648141377497,
                        -0.025584553283213775,
                        -0.02855279074883621
                    ],
                    [
                        0.028180820727867595,
                        -0.9951186007456657,
                        -0.09457701514158626
                    ],
                    [
                        -0.02599370249410845,
                        -0.09531212453453362,
                        0.9951079973286122
                    ]
                ],
                "nat": [
                    [
                        -0.9992648141377497,
                        -0.025584553283213775,
                        -0.02855279074883621
                    ],
                    [
                        0.024199738127665685,
