{
    "major": {
        "problem": "Ibrahimbegovich_big",
        "elements_count": 10
    },
    "minor": {
        "total_length": 10,
        "EI": 100,
        "GJ": 100
    },
    "state": {
        "percent": 50,
        "i": 105
    },
    "geometry": {
        "state": "start",
        "doing_final_guess": true,
        "elements": [
            {
                "p": [
                    0.0,
                    0.0,
                    0.0
                ],
                "s": 1.0,
                "K0": 0,
                "T0": 0,
                "K": 2.389426910146037,
                "T": -0.12778307180658277,
                "mat": [
                    [
                        1.0,
                        0.0,
                        0.0
                    ],
                    [
                        0.0,
                        1.0,
                        0.0
                    ],
                    [
                        0.0,
                        0.0,
                        1.0
                    ]
                ],
                "nat": [
                    [
                        1.0,
                        0.0,
                        0.0
                    ],
                    [
                        -0.0,
                        0.9998464646924038,
                        0.017522757833791737
                    ],
                    [
                        0.0,
                        -0.017522757833791737,
                        0.9998464646924038
                    ]
                ],
                "EI": 100,
                "GJ": 100
            },
            {
                "p": [
                    0.2865243187465061,
                    0.7235755425368549,
                    -0.025480513662766716
                ],
                "s": 1.0,
                "K0": 0,
                "T0": 0,
                "K": 2.3797128055402488,
                "T": -0.21249444314598737,
                "mat": [
                    [
                        -0.727598568405704,
                        0.6812678246056676,
                        -0.08046411877993488
                    ],
                    [
                        -0.6780299884846558,
                        -0.7320089679396177,
                        -0.06661985868698059
                    ],
                    [
                        -0.1042864227474872,
                        0.006084571721749844,
                        0.9945286924053499
                    ]
                ],
                "nat": [
                    [
                        -0.727598568405704,
                        0.6812678246056676,
                        -0.08046411877993488
                    ],
                    [
                        -0.6831561656756766,
                        -0.7302523944463972,
                        -0.005393858045119999
                    ],
                    [
                        -0.06243377734269745,
                        0.05104499546835962,
                        0.9967429116298533
                    ]
                ],
                "EI": 100,
                "GJ": 100
            },
            {
                "p": [
                    -0.41448182077483997,
                    0.39237298867810627,
                    -0.11588334858708736
                ],
                "s": 1.0,
                "K0": 0,
                "T0": 0,
                "K": 2.3732187436426737,
                "T": -0.28081324868578394,
                "mat": [
                    [
                        0.06576999216417508,
                        -0.9929322482773231,
                        -0.09879199593927004
                    ],
                    [
                        0.9953978952605604,
                        0.07220219885990753,
                        -0.0630069249419497
                    ],
                    [
                        0.069694606976225,
                        -0.09419337986681846,
                        0.993111408124836
                    ]
                ],
                "nat": [
                    [
                        0.06576999216417508,
                        -0.9929322482773231,
                        -0.09879199593927004
                    ],
                    [
                        0.9977929305147055,
                        0.06453702523186376,
                        0.015628185726358837
                    ],
                    [
                        -0.00914198805513021,
                        -0.09960182079240405,
                        0.9949853774549843
                    ]
                ],
                "EI": 100,
                "GJ": 100
            },
            {
                "p": [
                    0.32322664965368786,
                    0.15352237927227622,
                    -0.21677808146533534
                ],
                "s": 1.0,
                "K0": 0,
                "T0": 0,
                "K": 2.3661702038136907,
                "T": -0.3339739211022046,
                "mat": [
                    [
                        0.632115295617257,
                        0.7654451468247687,
                        -0.12051547721813813
                    ],
                    [
                        -0.7748671485348638,
                        0.6237471090938972,
                        -0.10256922549407564
                    ],
                    [
                        -0.003339935352130466,
                        0.1582190604807578,
                        0.9873983865352575
                    ]
                ],
                "nat": [
                    [
                        0.632115295617257,
                        0.7654451468247687,
                        -0.12051547721813813
                    ],
                    [
                        -0.7717813996296345,
                        0.6358132315572808,
                        -0.009747089945694218
                    ],
                    [
                        0.0691644723281361,
                        0.09917288832687851,
                        0.9926635955793256
                    ]
                ],
                "EI": 100,
                "GJ": 100
            },
            {
                "p": [
                    -0.04746798786764528,
                    0.8290812970374927,
                    -0.35800218831775565
                ],
                "s": 1.0,
                "K0": 0,
                "T0": 0,
                "K": 2.3574719210213946,
                "T": -0.3872422330120315,
                "mat": [
                    [
                        -0.9788728154034234,
                        -0.12686840752842934,
                        -0.16035092277681165
                    ],
                    [
                        0.14375097662173825,
                        -0.984705016458262,
                        -0.09844636754207685
                    ],
                    [
                        -0.1454086241750161,
                        -0.11941707471351655,
                        0.9821384292870304
                    ]
                ],
                "nat": [
                    [
                        -0.9788728154034234,
                        -0.12686840752842934,
                        -0.16035092277681165
                    ],
                    [
                        0.12827599932243028,
                        -0.9917372405025091,
                        0.0015854962313568144
                    ],
                    [
                        -0.1592271310487207,
                        -0.01901717570166958,
                        0.9870587965092683
                    ]
                ],
                "EI": 100,
                "GJ": 100
            },
            {
                "p": [
                    -0.23603321826542975,
                    0.08393982768726871,
                    -0.5184610480238759
                ],
                "s": 1.0,
                "K0": 0,
                "T0": 0,
                "K": 2.352154398293964,
                "T": -0.42037809570826473,
                "mat": [
                    [
                        0.8006240207280482,
                        -0.576770011814678,
                        -0.16228841888609752
                    ],
                    [
                        0.5677094577749042,
                        0.8168429391560014,
                        -0.10234053109061435
                    ],
                    [
                        0.19159109840015426,
                        -0.010196382803761325,
                        0.9814218689185306
                    ]
                ],
                "nat": [
                    [
                        0.8006240207280482,
                        -0.576770011814678,
                        -0.16228841888609752
                    ],
                    [
                        0.5843071979342892,
                        0.8115310238897938,
                        -0.0015797805423439226
                    ],
                    [
                        0.13261325678616273,
                        -0.09356148104684237,
                        0.9867421007481582
                    ]
                ],
                "EI": 100,
                "GJ": 100
            },
            {
                "p": [
                    0.41069379627565206,
                    0.4963158718069534,
                    -0.6916063209452434
                ],
                "s": 1.0,
                "K0": 0,
                "T0": 0,
                "K": 2.351075245959961,
                "T": -0.42517689192785035,
                "mat": [
                    [
                        -0.1884984328235365,
                        0.9641192274316956,
                        -0.1869290135842493
                    ],
                    [
                        -0.9714406262922474,
                        -0.21098204639656495,
                        -0.10858031906033119
                    ],
                    [
                        -0.14412303914362978,
                        0.16112321805012328,
                        0.9763543712162999
                    ]
                ],
                "nat": [
                    [
                        -0.1884984328235365,
                        0.9641192274316956,
                        -0.1869290135842493
                    ],
                    [
                        -0.98186410371254,
                        -0.18894316462192548,
                        0.015600076391541401
                    ],
                    [
                        -0.0202786257877747,
                        0.18647947833250128,
                        0.9822495515382014
                    ]
                ],
                "EI": 100,
                "GJ": 100
            },
            {
                "p": [
                    -0.3445824741003827,
                    0.6359314903804969,
                    -0.8609928523778987
                ],
                "s": 1.0,
                "K0": 0,
                "T0": 0,
                "K": 2.2936508446809065,
                "T": -0.6685461913498983,
                "mat": [
                    [
                        -0.5268436291309226,
                        -0.8346004686695495,
                        -0.1608659321942544
                    ],
                    [
                        0.8495632495078799,
                        -0.5112805631575827,
                        -0.12974771991397815
                    ],
                    [
                        0.02603988344386364,
                        -0.20502254372100764,
                        0.9784107936017455
                    ]
                ],
                "nat": [
                    [
                        -0.5268436291309226,
                        -0.8346004686695495,
                        -0.1608659321942544
                    ],
                    [
                        0.8471142421107473,
                        -0.5310688228786895,
                        -0.019062166177447062
                    ],
                    [
                        -0.06952158842613165,
                        -0.1463146030401975,
                        0.9867921694459766
                    ]
                ],
                "EI": 100,
                "GJ": 100
            },
            {
                "p": [
                    0.07748498387285924,
                    0.00938515324952005,
                    -1.1185219554412762
                ],
                "s": 1.0,
                "K0": 0,
                "T0": 0,
                "K": 2.3891997867195607,
                "T": -0.019106723582534898,
                "mat": [
                    [
                        0.9013690933916472,
                        0.21572211407303274,
                        -0.3754966404352781
                    ],
                    [
                        -0.29669097187298915,
                        0.9392457248085309,
                        -0.17260340563835225
                    ],
                    [
                        0.31544924264829055,
                        0.2669858384423375,
                        0.9106098711214708
                    ]
                ],
                "nat": [
                    [
                        0.9013690933916472,
                        0.21572211407303274,
                        -0.3754966404352781
                    ],
                    [
                        -0.3068884452508152,
                        0.929973104658028,
                        -0.20240925567830306
                    ],
                    [
                        0.30553762395138234,
                        0.29768102746491726,
                        0.9044516384183151
                    ]
                ],
                "EI": 100,
                "GJ": 100
            },
            {
                "p": [
                    0.11135772452710804,
                    0.7427766389368456,
                    -1.3776576591944178
                ],
                "s": 1.0,
                "K0": 0,
                "T0": 0,
                "K": 2.242372166808114,
                "T": -0.8243911950848627,
                "mat": [
                    [
                        -0.871924040329538,
                        0.4738649634197037,
                        0.12329016318691327
                    ],
                    [
                        -0.3837439019996421,
                        -0.8177242128748788,
                        0.42903115196480546
                    ],
                    [
                        0.3041201827789499,
                        0.3267707271488707,
                        0.8948361896487512
                    ]
                ],
                "nat": [
                    [
                        -0.871924040329538,
                        0.4738649634197037,
                        0.12329016318691327
                    ],
                    [
                        0.02149889471024563,
                        -0.21450368724565727,
                        0.9764865414762531
                    ],
                    [
                        0.4891689538611895,
                        0.8540726928085566,
                        0.17684334869338275
                    ]
                ],
                "EI": 100,
                "GJ": 100
            }
        ],
        "guess": null,
        "final_guess": null,
        "applied_moments": [
            [
                -12.778307180658276,
                -4.1869349108034255,
                238.90600487504094
            ],
            [
                0.6036193186525436,
                -2.3293197648056387,
                238.90600487504094
            ],
            [
                -4.016502257225141,
                4.245162235816263,
                238.90600487504094
            ],
            [
                -4.745511028064414,
                -2.0978783688516716,
                238.90600487504094
            ],
            [
                0.05058658287433649,
                0.47151878975750244,
                238.90600487504094
            ],
            [
                -3.8617947906003782,
                1.577321556212948,
                238.90600487504094
            ],
            [
                -1.9609492817944973,
                -1.8378053521281081,
                238.90600487504094
            ],
            [
                -0.7852352250013632,
                1.0891799792646086,
                238.90600487504094
            ],
            [
                -3.1973549669629966,
                -0.323470756982347,
                238.90600487504094
            ],
            [
                -0.6348912761581192,
                -1.4337077128794076,
                238.90600487504094
            ]
        ],
        "guess_moments": null
    }
}